 Year	   ca677	     LEM	   ca632	   ca631	     CPR	   ca691	   ca692	     IVJ	     IVP	   ca698	     LTV	     SSP	     GMH	    BLJP	    BLSP	   ca630	     LUR	    DGSa	   ca678	     NOD	    KAIM	   LEM.e	   CPR.e	 ca691.e	 ca692.e	   LTV.e	   LUR.e	   LEM.l	   CPR.l	 ca691.l	 ca692.l	   LTV.l	   LUR.l	   LEM.b	   CPR.b	   LTV.b	   LUR.b
 1876	   0.874	   0.929	   0.849	   0.897	   0.918	   0.972	   0.783	   0.889	   0.899	   0.716	   0.766	   0.957	   0.875	   0.956	   1.039	   0.737	   0.971	   1.178	   0.967	   0.919	   0.947	   0.883	   0.923	   0.968	   0.761	   0.752	   1.005	   1.133	   0.916	   0.934	   0.898	   0.764	   0.892	   1.119	   0.903	   0.952	   0.967
 1877	   0.986	   1.058	   1.211	   1.576	   1.110	   1.185	   1.276	   1.213	   1.086	   1.360	   1.186	   0.831	   1.141	   1.204	   1.148	   1.195	   1.124	   1.073	   0.973	   1.006	   0.912	   1.108	   1.141	   1.225	   1.321	   1.186	   1.151	   0.793	   0.955	   1.116	   1.111	   1.067	   0.980	   0.912	   1.090	   1.053	   1.005
 1878	   0.954	   1.111	   1.023	   0.950	   1.073	   0.952	   0.979	   1.058	   0.985	   0.858	   0.809	   1.034	   0.964	   0.909	   0.889	   1.030	   1.071	   1.144	   1.070	   0.919	   1.086	   1.120	   1.062	   0.960	   0.977	   0.809	   1.069	   1.004	   1.134	   0.990	   1.058	   0.787	   1.041	   1.043	   1.021	   0.970	   1.056
 1879	   1.160	   1.110	   0.993	   0.989	   1.034	   1.063	   0.990	   1.031	   0.952	   1.162	   1.155	   1.146	   1.093	   1.014	   0.993	   1.051	   1.057	   0.960	   1.263	   1.006	   1.014	   1.086	   0.999	   1.066	   1.040	   1.126	   1.039	   1.204	   1.187	   0.955	   0.931	   1.103	   1.120	   1.090	   1.087	   1.010	   1.023
 1880	   0.644	   0.734	   0.861	   0.774	   0.843	   0.824	   0.817	   0.879	   0.867	   0.797	   0.845	   0.798	   0.864	   0.966	   0.915	   0.956	   0.880	   0.913	   0.798	   0.860	   0.921	   0.728	   0.852	   0.801	   0.794	   0.847	   0.900	   0.769	   0.800	   0.866	   0.897	   0.835	   0.820	   0.952	   0.931	   1.012	   0.855
 1881	   1.052	   1.076	   0.992	   1.290	   0.963	   1.132	   1.041	   1.004	   0.907	   0.980	   1.079	   0.991	   0.997	   0.833	   0.942	   1.158	   1.036	   0.937	   1.130	   1.073	   1.119	   1.075	   0.935	   1.101	   1.059	   1.046	   1.006	   1.044	   1.029	   1.144	   0.978	   1.132	   1.156	   1.045	   1.042	   1.034	   1.051
 1882	   0.932	   0.957	   0.891	   0.982	   1.099	   1.030	   1.050	   1.081	   1.053	   1.024	   1.135	   1.097	   1.006	   1.102	   1.096	   1.081	   1.029	   1.537	   0.942	   1.077	   0.995	   0.958	   1.080	   1.030	   1.135	   1.179	   1.064	   0.925	   1.095	   0.968	   1.006	   0.885	   0.919	   1.020	   0.925	   0.983	   0.858
 1883	   0.940	   0.776	   0.874	   0.843	   0.695	   0.902	   0.859	   0.889	   0.884	   0.795	   0.843	   1.064	   0.915	   0.982	   1.009	   0.844	   0.852	   0.621	   0.805	   0.857	   0.880	   0.778	   0.702	   0.898	   0.888	   0.849	   0.834	   0.752	   0.644	   0.882	   0.886	   0.850	   0.904	   0.902	   1.064	   0.987	   0.988
 1884	   1.106	   1.097	   1.101	   1.122	   1.077	   0.959	   0.675	   1.059	   1.041	   1.124	   0.961	   1.148	   0.707	   1.080	   1.089	   1.130	   1.020	   0.974	   1.047	   1.064	   1.293	   1.076	   1.086	   0.945	   0.567	   0.918	   1.061	   1.183	   0.904	   0.992	   0.823	   1.095	   0.823	   0.959	   0.713	   0.924	   0.844
 1885	   1.357	   1.362	   1.458	   1.535	   1.132	   1.092	   1.098	   1.252	   1.071	   1.472	   1.391	   1.215	   1.003	   1.078	   1.023	   1.366	   1.252	   1.191	   1.259	   1.556	   1.336	   1.330	   1.086	   1.085	   1.062	   1.327	   1.201	   1.543	   1.351	   1.036	   1.020	   1.594	   1.421	   1.083	   1.104	   1.096	   1.140
 1886	   0.832	   0.694	   0.660	   0.794	   0.946	   0.985	   0.976	   0.814	   0.750	   0.774	   0.799	   0.774	   0.997	   0.749	   0.898	   0.776	   0.779	   0.809	   0.894	   0.659	   0.863	   0.711	   0.940	   0.979	   0.991	   0.836	   0.790	   0.750	   1.001	   0.952	   1.020	   0.759	   0.851	   0.933	   1.079	   1.008	   1.028
 1887	   1.114	   1.105	   0.869	   0.783	   0.983	   0.847	   0.794	   0.927	   0.986	   0.845	   1.144	   1.086	   0.899	   1.122	   0.996	   0.881	   0.907	   0.766	   0.805	   0.964	   0.930	   1.131	   1.002	   0.856	   0.797	   1.118	   0.915	   0.964	   0.896	   0.892	   0.925	   1.162	   0.843	   1.056	   0.994	   1.088	   1.019
 1888	   1.016	   0.892	   0.911	   0.852	   1.130	   1.008	   0.902	   0.999	   0.954	   0.944	   1.036	   1.010	   1.026	   0.958	   1.042	   1.296	   1.051	   0.809	   0.937	   1.078	   1.214	   0.881	   1.144	   1.026	   0.881	   1.022	   1.037	   0.944	   1.087	   0.933	   0.945	   1.156	   1.063	   0.957	   1.062	   1.003	   1.038
 1889	   0.860	   0.953	   0.891	   0.949	   0.833	   0.894	   0.976	   0.941	   0.831	   0.909	   1.083	   0.906	   1.040	   1.075	   0.998	   1.038	   0.875	   0.968	   0.849	   0.882	   1.033	   0.954	   0.812	   0.924	   0.960	   1.091	   0.847	   0.931	   0.905	   0.886	   0.938	   1.048	   0.988	   0.989	   1.108	   1.075	   1.074
 1890	   0.856	   0.856	   0.865	   0.885	   0.840	   0.864	   0.479	   0.874	   0.924	   0.827	   0.840	   0.916	   0.826	   0.803	   0.963	   0.687	   0.857	   0.913	   0.758	   1.072	   1.076	   0.848	   0.849	   0.816	   0.353	   0.860	   0.894	   0.909	   0.748	   1.012	   0.599	   0.824	   0.720	   0.994	   0.987	   0.959	   0.871
 1891	   1.081	   1.049	   0.945	   1.182	   1.198	   1.203	   1.426	   1.019	   1.086	   1.058	   1.197	   1.193	   1.110	   1.024	   1.110	   0.991	   1.063	   1.051	   1.133	   1.088	   1.012	   1.051	   1.155	   1.188	   1.419	   1.208	   1.061	   1.019	   1.313	   1.149	   1.212	   1.170	   0.992	   1.042	   0.941	   1.062	   0.926
 1892	   1.007	   1.055	   0.840	   0.839	   1.081	   0.929	   0.897	   0.866	   0.995	   0.824	   1.290	   1.123	   1.010	   0.978	   0.964	   0.875	   1.032	   0.875	   1.032	   0.790	   0.725	   1.063	   1.104	   0.959	   0.907	   1.267	   1.030	   1.029	   1.055	   0.915	   0.873	   1.345	   1.035	   1.021	   1.085	   1.075	   1.027
 1893	   0.931	   0.961	   0.859	   0.731	   0.902	   0.940	   0.618	   0.863	   0.852	   0.802	   1.019	   0.915	   0.844	   0.830	   0.825	   0.863	   0.946	   0.868	   0.975	   0.925	   1.271	   0.944	   0.922	   0.935	   0.527	   1.006	   0.959	   1.077	   0.866	   0.979	   0.807	   1.168	   0.879	   1.002	   0.743	   0.984	   0.850
 1894	   1.220	   1.220	   1.158	   1.133	   0.971	   1.144	   1.113	   1.104	   1.151	   1.088	   1.361	   1.193	   0.982	   1.243	   1.172	   1.175	   1.094	   1.424	   1.103	   1.214	   1.065	   1.250	   0.971	   1.133	   1.130	   1.399	   1.089	   1.072	   0.932	   1.075	   1.029	   1.173	   1.061	   1.077	   1.079	   1.125	   1.043
 1895	   0.965	   1.055	   1.089	   0.908	   1.127	   1.061	   1.247	   1.103	   1.113	   0.886	   1.070	   1.102	   1.065	   1.063	   0.979	   1.045	   1.060	   1.050	   1.130	   1.027	   1.135	   1.040	   1.087	   1.059	   1.200	   1.018	   1.052	   1.190	   1.250	   1.056	   1.093	   1.271	   1.066	   1.020	   0.990	   1.057	   0.998
 1896	   0.952	   0.897	   0.913	   0.951	   0.998	   0.897	   0.906	   0.929	   0.895	   0.944	   1.038	   1.098	   0.967	   0.875	   0.943	   1.047	   1.027	   0.914	   1.008	   0.987	   1.014	   0.914	   1.034	   0.880	   0.875	   1.052	   1.060	   0.853	   0.906	   0.922	   0.929	   1.039	   0.941	   0.993	   0.985	   0.999	   0.971
 1897	   1.148	   1.061	   0.921	   1.075	   1.177	   1.099	   1.168	   0.961	   1.068	   1.033	   1.099	   1.144	   1.096	   1.058	   1.023	   1.124	   1.156	   1.113	   1.075	   1.245	   1.112	   1.070	   1.152	   1.079	   1.153	   1.120	   1.148	   0.993	   1.214	   1.045	   1.057	   1.043	   1.215	   0.954	   1.054	   0.981	   1.049
 1898	   0.928	   0.971	   0.994	   1.134	   1.021	   0.903	   1.064	   0.994	   1.096	   0.967	   1.211	   0.881	   1.046	   0.990	   0.918	   1.044	   1.018	   0.872	   0.883	   0.938	   0.903	   0.944	   1.028	   0.942	   1.104	   1.245	   1.015	   1.098	   1.044	   0.860	   1.027	   1.088	   1.085	   1.023	   1.100	   1.003	   1.072
 1899	   0.885	   1.044	   0.907	   0.878	   0.702	   0.813	   0.838	   0.812	   0.837	   0.903	   0.879	   0.929	   0.815	   1.001	   0.866	   0.684	   0.718	   0.694	   0.813	   0.781	   0.810	   1.066	   0.718	   0.815	   0.821	   0.885	   0.713	   0.873	   0.606	   0.839	   0.785	   0.873	   0.773	   1.046	   1.006	   1.027	   0.955
 1900	   1.372	   1.372	   1.150	   1.080	   1.162	   1.098	   0.920	   1.158	   1.311	   1.070	   1.286	   1.244	   1.023	   1.039	   0.968	   1.067	   1.090	   1.074	   1.105	   1.242	   1.070	   1.372	   1.152	   1.130	   0.885	   1.284	   1.082	   1.348	   1.136	   1.084	   0.966	   1.225	   1.067	   1.125	   1.007	   1.084	   1.030
 1901	   1.130	   1.206	   1.116	   0.966	   1.341	   1.151	   1.222	   1.110	   1.194	   1.070	   1.171	   1.169	   1.168	   0.972	   0.977	   1.139	   1.238	   1.207	   1.239	   1.373	   1.334	   1.212	   1.350	   1.170	   1.245	   1.189	   1.260	   1.233	   1.390	   1.111	   1.112	   1.125	   1.169	   1.031	   0.994	   1.065	   1.058
 1902	   0.896	   0.747	   0.856	   0.814	   0.836	   0.911	   1.286	   0.835	   0.927	   0.906	   0.910	   0.828	   1.185	   0.816	   0.818	   0.799	   0.974	   0.880	   0.929	   0.942	   0.830	   0.755	   0.864	   0.916	   1.342	   0.920	   0.979	   0.817	   0.811	   0.901	   1.109	   0.891	   0.985	   0.909	   1.031	   0.986	   1.033
 1903	   0.930	   0.846	   0.932	   0.816	   1.023	   0.894	   1.022	   0.916	   0.954	   0.854	   1.017	   1.098	   1.053	   0.972	   0.946	   0.963	   1.024	   1.110	   0.842	   0.834	   0.850	   0.848	   0.990	   0.870	   1.017	   0.988	   0.985	   0.808	   1.082	   0.955	   1.123	   1.112	   1.184	   0.940	   1.046	   1.031	   1.113
 1904	   1.008	   1.022	   1.078	   0.896	   1.152	   1.199	   1.188	   1.178	   1.052	   1.060	   0.933	   1.083	   1.220	   0.940	   0.944	   1.128	   1.174	   0.929	   1.159	   0.987	   1.194	   1.012	   1.128	   1.217	   1.163	   0.911	   1.172	   1.020	   1.266	   1.087	   1.170	   1.033	   1.176	   0.999	   1.019	   0.974	   0.960
 1905	   1.035	   1.119	   1.124	   1.065	   0.887	   1.007	   1.267	   1.050	   1.103	   1.125	   1.050	   0.998	   1.086	   1.045	   0.942	   0.955	   0.971	   1.018	   1.065	   1.002	   1.012	   1.146	   0.885	   1.023	   1.318	   1.092	   0.971	   0.996	   0.935	   0.981	   1.063	   0.901	   1.042	   0.982	   1.124	   1.043	   1.074
 1906	   1.181	   1.070	   1.076	   0.989	   0.931	   0.860	   0.762	   0.992	   0.926	   0.865	   1.116	   1.030	   0.690	   1.071	   0.977	   1.020	   0.936	   1.094	   0.972	   0.961	   1.125	   1.082	   0.953	   0.839	   0.660	   1.138	   0.963	   0.988	   0.771	   1.012	   0.834	   1.020	   0.836	   1.063	   0.954	   1.071	   0.942
 1907	   1.422	   1.330	   1.318	   1.121	   1.286	   1.136	   0.647	   1.045	   1.212	   0.991	   1.348	   1.359	   0.824	   1.163	   1.179	   1.131	   1.133	   1.254	   1.312	   1.080	   0.949	   1.320	   1.286	   1.132	   0.514	   1.396	   1.158	   1.340	   1.284	   1.077	   0.773	   1.284	   0.982	   1.059	   0.827	   1.065	   0.895
 1908	   1.203	   1.391	   1.253	   1.159	   1.260	   1.124	   1.465	   1.072	   1.134	   1.136	   1.155	   1.026	   1.189	   1.148	   1.064	   0.915	   1.155	   0.972	   1.413	   0.983	   0.933	   1.393	   1.287	   1.126	   1.582	   1.169	   1.149	   1.353	   1.195	   0.975	   1.096	   1.195	   1.175	   1.092	   1.039	   1.142	   1.010
 1909	   0.933	   0.914	   0.835	   0.885	   0.896	   0.948	   0.773	   0.712	   0.970	   0.817	   1.056	   0.996	   0.913	   0.902	   0.844	   0.805	   0.942	   1.077	   1.178	   0.914	   0.942	   0.949	   0.871	   0.921	   0.709	   1.068	   0.908	   0.825	   1.056	   1.026	   0.891	   1.079	   1.109	   0.956	   1.018	   1.035	   1.010
 1910	   0.878	   0.829	   0.805	   0.863	   0.899	   1.057	   1.017	   0.762	   0.882	   0.877	   0.958	   0.989	   1.014	   0.930	   0.949	   0.809	   0.899	   0.917	   0.980	   0.917	   0.933	   0.806	   0.882	   1.042	   0.964	   0.932	   0.860	   0.939	   1.005	   0.983	   1.075	   1.026	   1.063	   0.938	   1.100	   0.981	   1.078
 1911	   0.969	   0.999	   1.050	   1.066	   0.992	   0.911	   0.748	   1.002	   0.951	   0.954	   0.821	   0.952	   0.909	   1.061	   1.175	   1.193	   0.880	   1.372	   0.882	   1.071	   1.233	   0.986	   1.005	   0.931	   0.721	   0.803	   0.897	   1.035	   0.956	   0.975	   0.880	   0.947	   0.803	   1.041	   0.799	   0.987	   0.860
 1912	   0.872	   0.997	   0.926	   1.120	   1.012	   1.054	   1.176	   1.019	   1.042	   1.088	   0.849	   0.889	   0.980	   1.034	   1.037	   1.016	   1.093	   0.907	   0.974	   1.027	   0.780	   1.012	   1.039	   1.065	   1.232	   0.855	   1.120	   0.925	   0.873	   1.047	   1.050	   0.857	   0.897	   0.991	   0.826	   0.923	   0.830
 1913	   1.316	   1.170	   1.257	   1.239	   1.156	   1.238	   1.221	   1.257	   1.233	   1.304	   1.292	   1.225	   0.995	   1.324	   1.085	   1.172	   1.139	   1.203	   1.144	   1.302	   1.085	   1.139	   1.136	   1.199	   1.303	   1.251	   1.119	   1.315	   1.223	   1.207	   0.966	   1.318	   1.232	   1.062	   0.978	   1.039	   1.051
 1914	   1.007	   0.934	   1.194	   1.280	   1.189	   1.159	   1.109	   1.108	   0.901	   1.113	   1.078	   0.973	   1.157	   1.135	   1.067	   1.211	   1.024	   1.416	   1.260	   1.140	   1.190	   0.947	   1.161	   1.174	   1.100	   1.083	   1.026	   0.946	   1.318	   1.103	   1.105	   1.089	   1.086	   0.973	   1.031	   0.997	   1.053
 1915	   0.932	   0.730	   0.971	   0.599	   0.832	   1.215	   1.331	   0.916	   0.775	   0.828	   0.999	   0.945	   1.044	   0.879	   0.926	   0.900	   0.797	   0.938	   0.856	   0.667	   0.942	   0.737	   0.854	   1.248	   1.431	   1.038	   0.806	   0.707	   0.820	   1.115	   1.111	   0.871	   0.744	   0.869	   1.037	   0.946	   0.914
 1916	   1.081	   1.045	   0.941	   0.811	   0.896	   0.953	   0.691	   0.961	   0.923	   0.809	   0.985	   0.883	   0.951	   0.947	   1.097	   0.776	   1.006	   1.078	   1.042	   1.041	   1.076	   1.024	   0.891	   0.954	   0.601	   0.983	   1.000	   1.081	   0.873	   0.969	   0.826	   1.045	   0.964	   1.071	   0.982	   1.074	   0.931
 1917	   0.951	   1.034	   0.828	   0.721	   0.922	   1.106	   1.172	   0.950	   0.934	   0.903	   0.802	   0.868	   0.940	   1.139	   1.176	   0.960	   0.992	   1.061	   0.811	   1.053	   0.969	   1.008	   0.930	   1.065	   1.237	   0.830	   1.002	   1.136	   0.849	   1.076	   1.128	   0.754	   0.923	   1.091	   0.987	   0.932	   0.996
 1918	   0.846	   0.793	   0.867	   0.646	   0.902	   0.862	   0.882	   0.899	   0.813	   0.835	   0.740	   0.875	   0.824	   0.821	   0.885	   0.797	   0.832	   1.085	   1.077	   0.885	   0.858	   0.823	   0.889	   0.909	   0.946	   0.716	   0.805	   0.687	   0.911	   0.844	   0.846	   0.848	   0.901	   0.887	   1.033	   0.962	   0.944
 1919	   1.008	   0.925	   1.060	   0.957	   1.083	   1.070	   1.058	   1.096	   0.986	   1.137	   1.033	   0.985	   0.958	   0.896	   0.942	   0.933	   1.048	   0.990	   1.053	   1.049	   0.969	   0.941	   1.131	   1.083	   1.090	   1.036	   1.055	   0.781	   0.918	   0.996	   1.114	   0.924	   0.962	   0.924	   1.061	   1.000	   1.038
 1920	   0.904	   0.844	   0.892	   1.005	   0.814	   0.943	   0.885	   0.944	   0.948	   1.006	   0.961	   0.816	   0.837	   0.961	   0.981	   0.925	   0.877	   0.789	   0.804	   0.871	   0.891	   0.839	   0.785	   0.969	   0.892	   0.945	   0.870	   0.812	   0.911	   1.004	   0.929	   1.020	   0.881	   0.959	   0.812	   0.918	   0.871
 1921	   1.239	   1.265	   1.146	   1.282	   1.007	   0.988	   0.929	   1.074	   1.066	   1.247	   1.269	   1.189	   0.984	   1.107	   0.976	   0.956	   0.973	   1.111	   1.090	   1.138	   1.040	   1.248	   1.010	   0.996	   0.936	   1.278	   0.978	   1.268	   0.918	   1.003	   1.023	   1.129	   0.899	   1.147	   1.007	   1.031	   1.030
 1922	   0.763	   0.701	   0.978	   0.744	   0.845	   0.995	   0.980	   0.922	   0.929	   0.710	   0.930	   0.824	   1.046	   0.984	   1.055	   0.798	   0.877	   1.066	   0.838	   1.075	   0.866	   0.708	   0.846	   0.988	   1.047	   0.975	   0.886	   0.721	   0.827	   0.941	   0.996	   0.666	   0.813	   0.905	   1.073	   1.040	   0.936
 1923	   1.169	   1.025	   1.001	   1.116	   0.990	   0.961	   1.020	   1.033	   1.082	   1.314	   1.017	   1.067	   0.859	   0.928	   0.959	   1.204	   1.033	   1.003	   0.932	   1.167	   0.871	   1.016	   0.990	   0.953	   1.089	   1.041	   1.035	   1.065	   0.939	   0.945	   1.058	   1.005	   0.959	   1.019	   0.829	   0.995	   0.859
 1924	   0.412	   0.483	   0.459	   0.780	   0.787	   0.918	   1.024	   0.743	   0.911	   0.852	   0.850	   0.556	   1.031	   0.962	   0.860	   0.737	   1.015	   0.484	   0.536	   0.926	   0.840	   0.484	   0.773	   0.881	   1.030	   0.819	   0.998	   0.536	   0.801	   0.903	   0.980	   0.945	   1.028	   0.727	   1.022	   0.985	   1.110
 1925	   1.136	   1.144	   1.331	   1.017	   1.050	   0.986	   0.942	   1.082	   1.244	   1.209	   1.111	   1.191	   0.918	   1.126	   1.141	   1.212	   0.929	   1.306	   1.020	   1.046	   1.198	   1.126	   1.039	   0.975	   0.938	   1.128	   0.941	   1.142	   0.855	   0.994	   1.003	   0.980	   0.861	   1.069	   0.805	   0.982	   0.927
 1926	   1.133	   1.271	   0.939	   1.278	   1.110	   1.047	   1.161	   1.163	   1.248	   1.270	   1.052	   1.046	   1.101	   0.966	   0.940	   1.117	   1.022	   0.966	   1.150	   1.356	   1.021	   1.311	   1.122	   1.053	   1.229	   1.086	   1.041	   1.041	   1.044	   0.962	   1.061	   0.882	   0.901	   0.979	   1.040	   0.953	   1.056
 1927	   0.821	   0.731	   0.845	   0.939	   0.894	   0.778	   0.864	   0.872	   0.801	   0.842	   0.960	   0.806	   0.953	   0.942	   1.035	   0.794	   0.879	   0.711	   0.872	   0.687	   0.747	   0.721	   0.879	   0.760	   0.849	   0.952	   0.862	   0.811	   0.945	   0.939	   1.088	   0.925	   0.942	   0.965	   0.832	   1.052	   0.997
 1928	   1.100	   1.062	   0.795	   0.954	   1.220	   0.976	   1.119	   1.006	   0.992	   0.906	   0.906	   0.974	   1.108	   0.911	   0.923	   0.937	   1.009	   0.664	   1.055	   0.968	   0.837	   1.082	   1.224	   0.931	   1.133	   0.873	   1.013	   0.919	   1.157	   0.914	   1.189	   1.029	   1.007	   0.990	   1.112	   1.032	   1.098
 1929	   0.691	   0.720	   0.905	   1.023	   0.777	   0.736	   0.774	   0.974	   0.943	   0.949	   0.972	   0.687	   0.873	   0.898	   1.020	   0.932	   0.739	   0.903	   0.798	   0.725	   0.978	   0.715	   0.772	   0.725	   0.801	   0.991	   0.721	   0.793	   0.821	   0.750	   0.914	   0.861	   0.844	   0.955	   0.989	   1.040	   1.012
 1930	   1.175	   1.182	   1.037	   0.718	   0.898	   0.839	   0.742	   0.855	   0.946	   0.776	   1.030	   0.945	   0.926	   0.896	   0.950	   0.790	   0.853	   0.863	   0.938	   0.962	   0.778	   1.159	   0.910	   0.836	   0.744	   1.055	   0.857	   1.268	   0.796	   0.843	   0.785	   0.903	   0.765	   1.110	   0.980	   1.015	   0.883
 1931	   0.933	   1.110	   1.268	   1.620	   1.018	   0.973	   0.894	   1.229	   1.056	   1.436	   1.194	   1.006	   0.971	   1.142	   1.116	   1.428	   1.089	   0.915	   0.550	   1.116	   1.083	   1.169	   1.024	   0.979	   0.846	   1.164	   1.054	   0.852	   0.941	   0.939	   0.903	   1.303	   1.137	   0.925	   1.048	   0.997	   1.089
 1932	   0.831	   0.838	   0.901	   0.867	   0.828	   0.772	   0.653	   0.932	   0.848	   0.849	   0.809	   0.857	   0.847	   0.880	   0.916	   0.882	   0.839	   0.827	   1.030	   0.800	   0.877	   0.786	   0.803	   0.760	   0.581	   0.819	   0.809	   1.068	   0.903	   0.860	   0.762	   0.811	   0.938	   1.023	   1.021	   1.006	   1.020
 1933	   0.684	   0.718	   0.781	   0.620	   0.761	   0.843	   0.778	   0.816	   0.846	   0.697	   0.480	   0.737	   0.929	   0.787	   0.846	   0.702	   0.762	   0.668	   0.802	   0.581	   0.709	   0.741	   0.781	   0.816	   0.753	   0.480	   0.783	   0.736	   0.604	   0.853	   0.785	   0.518	   0.625	   0.923	   0.922	   0.796	   0.859
 1934	   0.910	   1.081	   1.147	   1.285	   0.982	   0.957	   0.833	   1.193	   1.147	   1.266	   0.935	   0.992	   1.126	   1.104	   1.251	   1.348	   1.082	   0.850	   0.870	   0.959	   1.051	   1.087	   0.924	   0.978	   0.647	   0.876	   1.028	   0.981	   1.119	   0.938	   0.835	   1.139	   1.250	   0.956	   1.055	   0.990	   1.087
 1935	   0.821	   0.856	   1.078	   1.094	   0.911	   0.932	   0.945	   1.103	   0.747	   0.947	   0.859	   0.839	   1.217	   0.781	   0.846	   1.022	   0.925	   0.954	   0.871	   0.793	   1.100	   0.816	   0.903	   0.934	   0.944	   0.852	   0.920	   1.002	   0.950	   0.906	   0.936	   0.896	   0.986	   0.971	   1.065	   0.965	   1.014
 1936	   0.903	   0.900	   1.043	   1.093	   0.890	   1.003	   0.950	   1.211	   0.938	   1.137	   0.938	   0.956	   0.901	   0.952	   0.971	   1.183	   1.115	   1.006	   1.017	   1.040	   1.156	   0.926	   0.916	   1.032	   0.975	   0.987	   1.117	   0.734	   0.743	   0.952	   0.978	   0.724	   1.094	   0.938	   1.020	   0.939	   1.054
 1937	   0.686	   0.705	   0.727	   0.639	   0.961	   0.951	   0.851	   0.690	   0.832	   0.854	   0.714	   0.867	   1.064	   0.949	   1.014	   1.005	   0.855	   1.043	   0.858	   0.896	   0.900	   0.676	   0.915	   0.912	   0.866	   0.685	   0.835	   0.829	   0.995	   0.972	   0.981	   0.805	   0.872	   0.924	   1.075	   0.959	   1.010
 1938	   0.931	   1.076	   1.122	   1.026	   1.007	   1.039	   0.902	   1.097	   1.023	   1.082	   1.013	   1.118	   1.071	   1.172	   1.173	   1.252	   1.083	   1.342	   1.036	   1.153	   1.143	   1.029	   1.013	   1.073	   0.852	   1.012	   1.093	   1.139	   0.961	   1.011	   1.020	   0.934	   0.999	   1.045	   1.029	   1.018	   0.952
 1939	   0.696	   0.832	   0.823	   1.182	   1.069	   1.076	   0.982	   1.084	   0.974	   1.082	   0.933	   0.762	   1.118	   0.930	   0.928	   1.036	   1.103	   0.774	   1.037	   1.128	   0.918	   0.845	   1.042	   1.078	   0.946	   0.925	   1.067	   0.806	   1.127	   1.001	   1.031	   0.923	   1.244	   0.890	   1.083	   0.943	   1.083
 1940	   1.214	   1.219	   1.169	   0.962	   1.096	   0.929	   0.830	   1.036	   0.980	   0.918	   1.031	   1.134	   0.959	   0.872	   0.929	   1.009	   0.987	   1.004	   1.049	   0.915	   1.087	   1.228	   1.072	   0.976	   0.803	   1.027	   1.021	   1.168	   1.195	   0.924	   0.845	   0.967	   0.931	   1.062	   1.054	   1.011	   1.041
 1941	   1.205	   1.196	   1.256	   1.279	   0.980	   0.925	   0.799	   1.090	   1.046	   1.057	   0.972	   1.095	   0.894	   1.058	   1.142	   1.013	   1.114	   0.948	   0.926	   0.903	   1.067	   1.219	   1.003	   0.908	   0.734	   0.985	   1.128	   1.081	   0.826	   0.966	   0.857	   0.854	   1.000	   1.110	   0.853	   1.044	   0.971
 1942	   1.250	   1.234	   0.969	   0.956	   0.920	   1.081	   0.954	   0.853	   1.030	   0.899	   1.186	   1.129	   0.982	   1.142	   0.956	   0.891	   1.140	   0.886	   1.102	   1.024	   1.024	   1.248	   0.914	   1.052	   0.969	   1.197	   1.143	   1.201	   0.864	   1.023	   0.966	   1.065	   1.117	   1.107	   1.042	   1.009	   1.073
 1943	   1.190	   1.211	   1.181	   0.899	   1.068	   1.013	   0.955	   0.998	   1.075	   0.906	   1.094	   1.219	   0.981	   1.109	   1.064	   1.092	   1.157	   1.244	   1.337	   1.022	   0.957	   1.169	   1.023	   1.026	   0.959	   1.130	   1.146	   1.390	   1.209	   0.955	   0.952	   1.111	   1.233	   1.082	   1.110	   1.023	   1.129
 1944	   0.851	   0.931	   0.900	   0.894	   0.963	   0.944	   0.897	   0.884	   0.895	   0.963	   0.811	   0.817	   0.826	   0.822	   0.846	   0.870	   0.960	   0.761	   0.961	   0.775	   0.801	   0.950	   1.004	   0.924	   0.912	   0.786	   0.980	   0.965	   0.844	   0.906	   0.898	   0.912	   0.926	   1.020	   0.959	   0.925	   0.986
 1945	   1.206	   1.202	   1.002	   1.029	   0.976	   0.953	   1.031	   0.969	   1.099	   0.927	   1.158	   1.167	   1.062	   1.147	   1.100	   0.983	   1.091	   1.209	   1.146	   0.967	   1.024	   1.217	   0.975	   0.951	   1.037	   1.191	   1.097	   1.131	   0.980	   0.902	   1.106	   0.976	   1.041	   1.085	   0.979	   1.030	   1.045
 1946	   1.101	   1.148	   0.878	   0.724	   1.051	   1.060	   1.114	   0.971	   0.998	   0.922	   0.891	   1.164	   1.082	   0.954	   0.923	   1.001	   1.149	   0.845	   1.163	   1.207	   0.995	   1.142	   1.032	   1.062	   1.088	   0.838	   1.167	   1.225	   1.287	   1.085	   1.142	   1.058	   1.109	   1.035	   1.047	   0.999	   1.024
 1947	   1.033	   1.081	   0.971	   1.125	   0.953	   1.127	   0.991	   0.971	   0.960	   1.169	   1.071	   0.997	   1.043	   0.878	   0.962	   1.047	   0.994	   0.907	   1.046	   1.255	   0.944	   1.052	   0.962	   1.161	   0.958	   1.077	   0.954	   1.216	   1.017	   0.989	   0.899	   1.000	   1.182	   1.123	   1.126	   1.046	   1.133
 1948	   0.767	   0.977	   1.104	   0.821	   0.895	   0.957	   0.929	   1.018	   0.969	   0.884	   0.919	   0.888	   1.031	   1.069	   0.959	   0.836	   0.841	   0.915	   0.685	   0.833	   0.983	   1.027	   0.956	   0.981	   0.941	   0.947	   0.881	   0.789	   0.709	   0.961	   0.915	   0.773	   0.746	   0.931	   0.877	   0.937	   0.894
 1949	   0.789	   0.955	   0.885	   0.782	   0.794	   0.933	   1.087	   0.860	   1.036	   0.770	   0.964	   0.991	   0.941	   1.170	   1.110	   0.906	   0.954	   1.047	   0.830	   0.973	   0.824	   0.947	   0.785	   0.948	   1.096	   0.920	   0.927	   1.006	   0.757	   0.997	   1.091	   1.123	   0.995	   1.021	   1.076	   1.019	   1.011
 1950	   1.070	   1.059	   1.252	   1.102	   1.207	   1.088	   0.981	   1.169	   1.074	   0.991	   1.019	   1.047	   1.133	   1.047	   1.228	   1.270	   1.086	   0.872	   0.975	   1.085	   1.103	   1.019	   1.161	   1.084	   0.976	   1.035	   1.090	   1.201	   1.305	   1.044	   0.961	   0.986	   1.065	   1.052	   1.009	   1.040	   1.011
 1951	   1.188	   1.240	   1.127	   0.994	   1.018	   1.037	   1.205	   1.211	   1.085	   0.963	   0.985	   1.162	   0.982	   0.946	   0.982	   0.910	   1.041	   1.296	   1.208	   1.045	   1.035	   1.262	   1.011	   1.030	   1.187	   1.010	   1.054	   1.131	   1.108	   0.975	   1.187	   0.894	   0.993	   1.056	   1.132	   0.959	   1.038
 1952	   1.034	   0.990	   1.053	   1.093	   1.032	   0.970	   0.972	   1.002	   0.904	   1.017	   1.061	   0.960	   0.768	   1.148	   0.987	   0.983	   1.108	   1.055	   1.064	   0.702	   1.094	   0.976	   1.053	   0.972	   0.930	   1.033	   1.120	   1.113	   0.927	   1.007	   0.935	   1.129	   1.053	   0.996	   0.949	   1.021	   1.028
 1953	   1.114	   1.142	   0.872	   0.918	   0.877	   1.053	   0.928	   0.874	   0.873	   0.970	   0.995	   1.023	   0.809	   0.926	   0.871	   0.847	   0.984	   0.896	   1.008	   0.876	   0.833	   1.153	   0.908	   1.040	   0.941	   1.020	   0.988	   1.051	   0.794	   1.010	   0.860	   0.925	   0.960	   1.068	   0.901	   0.997	   0.947
 1954	   0.844	   0.993	   0.941	   1.123	   1.233	   1.129	   1.194	   0.979	   0.973	   1.134	   0.916	   1.065	   1.051	   0.874	   0.885	   1.015	   1.191	   0.815	   1.116	   1.102	   1.184	   0.998	   1.165	   1.144	   1.180	   0.917	   1.178	   1.004	   1.369	   1.084	   1.013	   0.886	   1.204	   1.029	   1.100	   0.975	   1.187
 1955	   0.970	   0.951	   0.941	   0.971	   0.983	   0.912	   0.940	   0.862	   0.851	   0.808	   0.914	   0.816	   1.028	   0.909	   0.869	   0.695	   0.932	   0.768	   0.851	   0.769	   0.864	   0.930	   1.031	   0.939	   0.939	   0.896	   0.962	   1.080	   0.925	   0.913	   0.979	   0.982	   0.874	   0.983	   0.951	   0.933	   0.975
 1956	   1.162	   1.011	   0.861	   0.820	   0.801	   0.950	   0.794	   0.924	   0.915	   0.965	   0.997	   1.033	   0.855	   1.044	   0.950	   0.858	   0.971	   0.973	   1.024	   0.823	   0.975	   1.027	   0.800	   0.941	   0.705	   1.010	   0.963	   0.971	   0.833	   1.042	   0.843	   0.935	   0.946	   1.054	   1.028	   1.081	   0.959
 1957	   1.109	   1.189	   1.073	   0.915	   1.052	   1.203	   1.168	   1.052	   1.169	   0.990	   1.188	   1.131	   1.085	   1.129	   1.045	   1.005	   1.110	   0.995	   1.058	   1.042	   1.085	   1.200	   1.049	   1.211	   1.153	   1.215	   1.100	   1.107	   0.981	   1.063	   1.017	   1.006	   1.114	   1.113	   1.033	   1.029	   1.047
 1958	   1.058	   1.264	   1.204	   1.138	   1.271	   1.166	   1.251	   1.209	   1.129	   1.221	   1.080	   1.235	   1.127	   0.999	   0.987	   1.141	   1.177	   1.210	   1.199	   1.304	   1.209	   1.259	   1.251	   1.185	   1.189	   1.057	   1.210	   1.258	   1.326	   1.167	   1.112	   1.147	   1.085	   1.052	   0.960	   0.978	   1.080
 1959	   0.913	   0.936	   1.029	   1.048	   0.813	   1.049	   1.313	   1.034	   0.944	   0.900	   0.943	   0.709	   1.062	   0.946	   0.963	   0.873	   0.816	   0.846	   0.764	   0.872	   0.717	   0.985	   0.813	   1.029	   1.382	   0.969	   0.815	   0.703	   0.864	   0.874	   1.162	   0.848	   0.843	   0.905	   1.089	   0.958	   0.961
 1960	   0.736	   0.601	   0.699	   0.876	   0.808	   0.793	   0.965	   0.794	   0.796	   0.791	   0.799	   0.582	   0.875	   0.777	   0.925	   0.749	   0.726	   0.689	   0.788	   0.661	   0.712	   0.589	   0.801	   0.771	   1.007	   0.791	   0.717	   0.689	   0.806	   0.859	   0.956	   0.855	   0.726	   0.873	   1.118	   0.931	   0.891
 1961	   0.715	   0.786	   0.823	   0.868	   0.951	   0.786	   0.646	   0.954	   1.083	   0.855	   1.163	   0.892	   0.906	   1.137	   1.054	   0.967	   0.903	   0.984	   0.694	   1.034	   0.957	   0.761	   0.951	   0.793	   0.584	   1.156	   0.890	   0.789	   0.910	   0.852	   0.858	   1.025	   0.890	   0.990	   0.896	   1.057	   0.985
 1962	   1.032	   1.053	   1.047	   0.993	   1.004	   1.042	   0.882	   1.080	   1.177	   1.022	   1.144	   1.050	   1.007	   1.001	   1.011	   1.209	   1.058	   1.439	   1.127	   1.041	   1.046	   1.042	   1.009	   1.024	   0.862	   1.127	   1.052	   1.056	   0.915	   1.045	   0.951	   1.163	   1.033	   1.125	   1.060	   1.105	   1.032
 1963	   1.285	   1.156	   1.208	   1.271	   1.198	   1.164	   1.191	   1.102	   1.157	   1.183	   0.971	   1.128	   1.036	   1.106	   1.137	   1.117	   1.122	   1.191	   1.185	   0.789	   0.964	   1.146	   1.192	   1.205	   1.170	   0.979	   1.113	   1.149	   1.122	   1.072	   1.212	   0.987	   1.126	   1.117	   0.940	   1.049	   0.974
 1964	   1.070	   0.960	   1.085	   1.140	   1.045	   1.098	   1.316	   1.057	   1.100	   1.164	   0.956	   0.924	   1.082	   0.897	   0.873	   0.856	   1.020	   0.643	   0.781	   1.230	   0.852	   1.005	   1.097	   1.122	   1.454	   0.966	   1.043	   0.833	   0.918	   1.079	   1.221	   0.924	   0.979	   0.974	   1.018	   0.962	   1.031
 1965	   1.209	   0.982	   0.942	   0.706	   0.974	   1.016	   0.905	   1.119	   1.288	   0.895	   1.169	   1.005	   0.870	   0.771	   0.834	   0.827	   0.986	   1.182	   1.082	   1.010	   1.038	   0.955	   0.999	   1.013	   0.989	   1.085	   0.988	   1.070	   0.879	   0.959	   0.804	   1.466	   0.963	   0.994	   0.782	   1.044	   0.918
 1966	   1.018	   1.020	   0.813	   0.860	   0.946	   1.117	   1.309	   0.821	   0.946	   0.937	   0.910	   0.922	   1.171	   0.925	   0.981	   0.999	   1.144	   0.876	   1.132	   1.102	   0.964	   1.059	   0.904	   1.096	   1.396	   0.938	   1.125	   0.860	   1.033	   1.105	   1.267	   0.819	   1.188	   0.947	   1.099	   0.989	   1.122
 1967	   1.125	   0.818	   0.969	   0.569	   0.852	   0.828	   0.700	   1.017	   0.886	   0.729	   0.849	   0.951	   0.929	   0.867	   1.018	   0.857	   0.871	   0.966	   0.809	   1.091	   1.112	   0.807	   0.828	   0.832	   0.701	   0.859	   0.889	   0.901	   0.919	   0.966	   0.860	   0.879	   0.857	   1.018	   0.931	   0.962	   0.926
 1968	   1.105	   1.141	   0.876	   1.162	   0.963	   1.045	   1.105	   1.149	   1.180	   1.143	   1.030	   1.100	   1.122	   1.061	   1.018	   1.030	   1.009	   0.978	   0.903	   1.055	   0.810	   1.168	   0.985	   1.031	   1.138	   1.063	   1.024	   0.956	   0.837	   0.960	   1.074	   0.806	   0.889	   1.022	   0.955	   0.975	   0.954
 1969	   1.215	   1.272	   1.185	   1.090	   1.170	   1.145	   1.161	   1.020	   1.081	   1.240	   1.194	   1.191	   1.124	   1.156	   1.164	   1.383	   1.084	   1.349	   1.266	   1.056	   1.265	   1.268	   1.167	   1.146	   1.230	   1.192	   1.073	   1.238	   1.176	   1.111	   1.097	   1.135	   1.086	   1.070	   1.066	   1.066	   1.030
 1970	   0.854	   0.831	   0.956	   0.984	   0.922	   0.948	   1.057	   0.942	   0.847	   0.859	   0.795	   0.991	   1.003	   1.031	   1.075	   1.061	   1.001	   0.873	   0.877	   0.841	   0.879	   0.811	   0.910	   0.936	   1.126	   0.774	   0.955	   0.961	   1.109	   0.984	   1.035	   0.925	   1.235	   1.010	   1.021	   0.957	   1.080
 1971	   1.171	   1.072	   1.029	   1.073	   0.885	   0.921	   0.826	   1.011	   0.934	   0.902	   0.970	   0.984	   0.898	   1.076	   1.094	   0.844	   0.994	   1.181	   1.023	   0.862	   0.869	   1.083	   0.919	   0.912	   0.856	   0.979	   1.041	   0.991	   0.715	   0.955	   0.990	   0.899	   0.847	   0.979	   0.911	   0.920	   0.887
 1972	   1.084	   1.035	   0.919	   1.079	   0.875	   0.975	   1.035	   0.914	   0.905	   1.072	   1.000	   0.931	   0.917	   0.895	   0.896	   0.929	   1.045	   1.111	   1.147	   1.005	   1.058	   1.042	   0.820	   0.925	   1.039	   1.004	   1.007	   0.995	   0.992	   0.952	   1.099	   0.972	   1.161	   1.074	   1.085	   1.022	   1.091
 1973	   0.606	   0.791	   0.848	   0.894	   1.043	   0.990	   1.105	   0.753	   0.868	   1.045	   0.750	   0.951	   1.029	   0.936	   0.986	   0.905	   0.896	   1.033	   1.034	   1.110	   0.912	   0.779	   1.033	   0.964	   1.127	   0.727	   0.890	   0.857	   1.051	   1.001	   0.981	   0.842	   0.955	   0.970	   1.018	   0.976	   0.998
 1974	   1.081	   1.048	   0.959	   1.477	   0.961	   1.037	   1.001	   0.998	   0.989	   1.247	   0.757	   1.119	   1.041	   0.976	   0.954	   1.140	   0.964	   1.074	   1.034	   1.229	   1.000	   1.039	   0.974	   1.023	   1.002	   0.701	   0.956	   1.087	   0.943	   1.048	   0.987	   1.006	   1.018	   1.014	   1.006	   0.961	   1.039
 1975	   0.920	   0.947	   1.040	   1.050	   1.137	   0.970	   1.150	   0.977	   0.986	   1.083	   0.883	   0.963	   1.079	   0.992	   0.909	   1.103	   0.985	   1.052	   0.974	   0.831	   1.093	   0.944	   1.207	   0.971	   1.204	   0.879	   1.012	   0.850	   0.903	   0.979	   1.020	   0.888	   0.872	   1.027	   0.898	   1.017	   0.890
 1976	   0.516	   0.529	   0.598	   0.936	   0.991	   1.010	   1.118	   0.962	   0.999	   0.894	   0.908	   0.829	   1.055	   0.897	   0.829	   0.947	   0.996	   0.502	   0.718	   1.030	   0.896	   0.481	   1.034	   1.018	   1.211	   0.902	   0.996	   0.700	   0.859	   0.924	   0.919	   0.912	   0.965	   0.749	   0.911	   0.899	   0.944
 1977	   0.779	   0.852	   1.264	   1.421	   1.170	   0.956	   0.885	   1.212	   1.018	   1.234	   1.290	   1.032	   1.156	   1.213	   1.129	   1.256	   0.993	   1.149	   0.958	   1.175	   1.102	   0.881	   1.178	   0.934	   0.908	   1.365	   1.016	   0.660	   1.128	   0.915	   0.906	   0.831	   0.879	   0.840	   1.056	   1.001	   0.997
 1978	   1.189	   0.980	   1.051	   1.210	   0.909	   0.935	   0.826	   0.952	   0.852	   0.954	   0.807	   1.040	   0.966	   0.851	   0.860	   1.211	   0.969	   1.186	   1.141	   0.962	   1.332	   0.949	   0.864	   0.943	   0.757	   0.782	   0.972	   1.025	   1.043	   0.984	   0.932	   0.851	   0.897	   1.031	   0.890	   0.946	   0.944
 1979	   0.780	   0.889	   0.809	   0.624	   1.222	   1.099	   1.145	   0.983	   0.962	   0.957	   1.006	   1.033	   1.105	   0.980	   0.989	   0.785	   1.082	   0.795	   1.226	   0.959	   0.932	   0.863	   1.212	   1.093	   1.193	   0.963	   1.074	   1.004	   1.214	   1.087	   0.995	   1.126	   1.102	   1.044	   1.043	   1.065	   1.084
 1980	   1.122	   1.023	   1.193	   1.359	   1.233	   1.022	   0.928	   1.104	   1.158	   1.179	   1.059	   1.279	   0.958	   1.083	   1.079	   1.093	   1.086	   1.144	   1.193	   1.005	   1.133	   1.050	   1.282	   1.063	   0.958	   1.076	   1.106	   0.893	   1.140	   1.023	   0.942	   1.006	   0.979	   1.020	   0.961	   0.995	   0.984
 1981	   0.812	   0.815	   0.821	   0.800	   1.025	   0.943	   1.001	   0.913	   1.036	   0.862	   1.169	   0.965	   1.004	   1.083	   0.967	   0.887	   1.028	   1.048	   1.137	   1.134	   0.907	   0.836	   1.081	   0.982	   1.020	   1.212	   1.036	   0.718	   0.894	   0.926	   0.985	   0.872	   0.970	   0.871	   1.158	   1.002	   1.050
 1982	   1.090	   0.837	   0.977	   0.762	   0.949	   0.889	   0.695	   1.041	   1.085	   1.227	   1.044	   1.200	   0.809	   0.937	   0.932	   1.180	   0.947	   1.292	   1.085	   1.192	   1.129	   0.805	   0.890	   0.872	   0.594	   1.035	   0.943	   0.945	   1.170	   1.080	   0.875	   1.090	   0.966	   1.002	   0.730	   1.025	   0.845
 1983	   1.322	   1.057	   1.038	   1.187	   1.146	   1.050	   1.177	   0.873	   1.143	   1.207	   0.891	   1.368	   1.068	   1.051	   0.932	   0.966	   1.205	   1.155	   1.356	   1.216	   1.013	   1.030	   1.132	   1.060	   1.218	   0.859	   1.235	   1.145	   1.176	   1.120	   1.063	   1.079	   1.050	   1.076	   0.889	   0.990	   0.859
 1984	   1.136	   1.008	   0.978	   1.303	   1.468	   1.303	   1.453	   0.937	   0.944	   1.107	   1.185	   1.229	   1.148	   1.246	   1.103	   1.231	   1.198	   1.107	   1.328	   1.359	   1.176	   1.045	   1.424	   1.352	   1.499	   1.230	   1.148	   0.809	   1.636	   1.096	   1.147	   0.885	   1.320	   0.970	   1.185	   1.049	   1.146
 1985	   0.885	   0.840	   0.927	   0.725	   0.703	   0.927	   1.149	   0.786	   0.823	   0.798	   0.766	   0.736	   0.820	   0.822	   0.815	   0.797	   0.744	   0.913	   0.853	   0.838	   0.967	   0.835	   0.761	   0.937	   1.166	   0.758	   0.745	   0.850	   0.694	   0.961	   1.071	   0.811	   0.804	   0.970	   1.025	   0.949	   0.964
 1986	   1.290	   1.238	   1.221	   0.982	   1.180	   1.147	   0.980	   1.201	   1.280	   1.074	   1.142	   1.467	   0.909	   1.121	   1.085	   1.022	   1.116	   1.230	   1.311	   1.298	   1.217	   1.265	   1.125	   1.146	   0.905	   1.149	   1.104	   1.075	   1.297	   1.136	   1.120	   1.063	   1.083	   1.073	   1.047	   1.036	   1.034
 1987	   0.309	   0.513	   0.884	   0.968	   0.822	   0.910	   1.086	   1.051	   0.958	   0.993	   0.940	   0.569	   1.169	   1.066	   1.097	   1.156	   0.937	   1.187	   0.730	   0.880	   0.978	   0.505	   0.849	   0.902	   1.100	   0.940	   0.940	   0.638	   0.863	   0.921	   1.007	   0.967	   0.942	   0.814	   1.063	   0.962	   1.082
 1988	   0.419	   0.590	   0.692	   0.947	   0.720	   0.880	   0.734	   0.914	   0.944	   0.877	   0.880	   0.579	   0.929	   0.900	   0.905	   0.915	   0.693	   0.641	   0.825	   1.020	   0.860	   0.554	   0.786	   0.895	   0.664	   0.891	   0.694	   0.660	   0.526	   0.867	   0.806	   0.839	   0.649	   0.779	   0.957	   0.932	   0.809
 1989	   0.848	   0.811	   1.069	   0.836	   1.006	   0.854	   0.699	   0.780	   0.945	   0.756	   1.052	   0.834	   0.892	   0.960	   1.069	   0.660	   0.865	   1.329	   0.828	   1.036	   0.961	   0.771	   0.960	   0.810	   0.517	   0.997	   0.825	   0.882	   1.082	   0.912	   0.762	   1.262	   0.951	   1.013	   0.976	   1.071	   0.946
 1990	   1.039	   1.027	   1.363	   1.381	   1.128	   1.240	   1.361	   1.329	   1.215	   1.381	   1.265	   0.891	   1.223	   1.295	   1.274	   1.283	   1.166	   0.655	   0.678	   1.086	   1.189	   1.056	   1.135	   1.259	   1.305	   1.272	   1.169	   0.859	   1.104	   1.126	   1.080	   1.178	   1.121	   1.010	   1.132	   1.079	   1.105
 1991	   0.780	   0.766	   1.122	   0.966	   0.812	   0.914	   0.788	   0.916	   1.026	   1.040	   0.847	   0.816	   0.852	   0.865	   0.828	   0.937	   0.901	   1.002	   0.927	   0.900	   0.842	   0.751	   0.861	   0.934	   0.777	   0.884	   0.913	   0.798	   0.698	   0.977	   0.780	   0.724	   0.865	   0.973	   0.986	   0.912	   0.987
 1992	   0.622	   0.594	   0.690	   0.900	   0.883	   1.018	   0.723	   1.026	   0.945	   0.891	   0.809	   0.855	   1.041	   0.889	   0.996	   1.029	   0.966	   0.921	   0.967	   1.371	   0.892	   0.569	   0.862	   1.002	   0.641	   0.737	   0.935	   0.712	   0.908	   1.029	   0.792	   1.230	   1.065	   0.723	   1.062	   0.966	   1.050
 1993	   1.053	   1.005	   1.262	   1.016	   1.094	   1.085	   0.722	   1.149	   0.931	   1.057	   1.019	   1.006	   0.969	   0.955	   1.018	   1.046	   0.978	   1.058	   1.106	   0.988	   1.132	   0.987	   1.096	   1.067	   0.620	   1.057	   0.979	   1.013	   1.008	   1.042	   0.857	   0.934	   0.952	   1.053	   0.927	   1.064	   0.981
 1994	   0.818	   0.779	   0.933	   0.935	   0.817	   0.931	   1.175	   0.976	   0.998	   1.068	   0.903	   0.996	   1.188	   0.784	   0.866	   0.775	   0.847	   0.924	   0.755	   0.728	   0.934	   0.765	   0.841	   0.932	   1.225	   0.937	   0.844	   0.795	   0.700	   0.903	   0.926	   0.737	   0.829	   0.855	   1.048	   0.896	   0.928
 1995	   1.133	   1.313	   1.000	   0.848	   0.985	   0.812	   0.401	   0.989	   1.017	   0.954	   0.969	   1.032	   0.615	   0.929	   0.952	   0.972	   0.947	   1.045	   1.038	   0.747	   1.103	   1.301	   0.938	   0.783	   0.253	   0.901	   0.917	   1.373	   1.076	   0.969	   0.597	   0.999	   1.017	   1.124	   0.956	   1.083	   1.038
 1996	   1.276	   1.235	   0.943	   0.675	   1.199	   1.286	   1.387	   0.964	   1.077	   0.736	   1.275	   1.186	   1.191	   1.046	   1.194	   0.934	   1.225	   1.024	   1.333	   0.919	   0.913	   1.234	   1.167	   1.289	   1.396	   1.276	   1.239	   1.317	   1.275	   1.048	   1.207	   1.196	   1.142	   1.075	   0.962	   1.066	   1.111
 1997	   1.125	   0.796	   0.958	   1.155	   0.895	   0.931	   1.048	   0.979	   0.857	   1.053	   1.016	   0.992	   1.038	   0.991	   1.043	   1.005	   0.986	   0.952	   0.952	   0.835	   0.823	   0.803	   0.882	   0.935	   1.057	   1.037	   0.978	   0.823	   0.983	   1.020	   1.011	   0.937	   1.055	   0.894	   1.063	   0.986	   1.059
 1998	   1.143	   1.062	   1.094	   0.903	   0.907	   1.026	   1.074	   1.004	   0.886	   1.040	   1.054	   1.182	   0.913	   0.878	   0.981	   0.960	   0.768	   0.941	   0.951	   0.759	   1.079	   1.100	   0.947	   1.004	   1.154	   1.056	   0.780	   0.887	   0.793	   1.076	   1.073	   1.027	   0.706	   1.020	   0.839	   0.981	   0.765
 1999	   1.471	   1.364	   0.953	   0.841	   1.060	   1.011	   1.030	   0.810	   1.068	   1.052	   0.849	   1.125	   0.926	   1.037	   0.969	   0.916	   1.170	   0.659	   1.036	   1.014	   0.924	   1.383	   1.057	   1.015	   1.061	   0.814	   1.141	   1.246	   1.057	   1.008	   0.871	   1.124	   1.223	   1.101	   0.969	   0.996	   1.063
 2000	   1.287	   1.369	     NaN	     NaN	   1.091	   1.150	   1.087	   0.923	   0.542	   1.014	   1.266	     NaN	   0.710	   1.014	   0.791	     NaN	   1.031	   0.806	   1.014	   1.092	   1.051	   1.420	   1.060	   1.175	   1.083	   1.323	   1.024	   1.267	   1.171	   1.033	   1.112	   0.946	   1.079	   1.076	   1.057	   1.062	   1.064
 2001	   0.229	   0.679	     NaN	     NaN	   0.662	   0.799	   0.834	     NaN	     NaN	   0.763	   0.682	     NaN	     NaN	     NaN	     NaN	     NaN	   0.815	   0.933	   0.954	   0.794	   0.821	   0.669	   0.683	   0.806	   0.879	   0.647	   0.831	   0.694	   0.629	   0.817	   0.850	   0.839	   0.754	   0.897	   1.079	   0.890	   0.924
 2002	   0.943	   1.023	     NaN	     NaN	   0.933	   0.940	   0.866	     NaN	     NaN	   0.894	   0.868	     NaN	     NaN	     NaN	     NaN	     NaN	   0.811	     NaN	   0.658	   0.982	   0.899	   1.019	   0.940	   0.930	   0.848	   0.826	   0.768	   0.974	   0.847	   0.919	   1.039	   1.068	   0.919	   1.070	   1.046	   0.983	   0.976
 2003	   1.349	   1.218	     NaN	     NaN	   0.974	   0.871	   0.878	     NaN	     NaN	   0.541	   0.991	     NaN	     NaN	     NaN	     NaN	     NaN	   1.068	     NaN	   0.908	     NaN	   0.956	   1.203	   0.977	   0.845	   0.912	   0.993	   1.082	   1.319	   0.968	   0.863	   0.933	   0.963	   0.943	   1.096	   0.976	   0.993	   1.024
 2004	   1.060	   1.077	     NaN	     NaN	   0.891	   1.031	   1.099	     NaN	     NaN	   1.131	   0.906	     NaN	     NaN	     NaN	     NaN	     NaN	   0.988	     NaN	   1.046	     NaN	   0.964	   1.103	   0.890	   0.989	   1.123	   0.885	   0.950	   1.012	   0.878	   1.040	   1.041	   1.043	   1.131	   1.035	   1.090	   0.975	   1.097
 2005	   1.053	   0.949	     NaN	     NaN	   1.093	   1.038	   0.887	     NaN	     NaN	   1.014	   1.043	     NaN	     NaN	     NaN	     NaN	     NaN	   1.012	     NaN	   1.231	     NaN	   1.200	   0.959	   1.069	   1.043	   0.918	   1.049	   1.046	   0.943	   1.109	   1.019	   0.996	   0.895	   0.891	   0.999	   0.975	   1.016	   0.952
 2006	   1.164	   1.047	     NaN	     NaN	   1.207	   1.011	   1.056	     NaN	     NaN	   0.947	   0.959	     NaN	     NaN	     NaN	     NaN	     NaN	   1.133	     NaN	   1.292	     NaN	   1.233	   1.055	   1.223	   1.027	   1.048	   0.954	   1.156	   0.995	   1.170	   1.000	   1.104	   0.990	   1.025	   1.051	   1.036	   1.013	   1.059
 2007	   0.703	   0.985	     NaN	     NaN	   0.701	   0.997	   1.186	     NaN	     NaN	   0.828	   1.045	     NaN	     NaN	     NaN	     NaN	     NaN	   0.943	     NaN	   0.341	     NaN	   0.776	   0.978	   0.711	   1.005	   1.164	   1.033	   0.915	   0.957	   0.701	   0.958	   1.170	   1.025	   1.036	   1.003	   1.044	   1.011	   1.033
 2008	   0.936	   0.927	     NaN	     NaN	   0.856	   0.869	   0.927	     NaN	     NaN	   0.952	   0.971	     NaN	     NaN	     NaN	     NaN	     NaN	   0.771	     NaN	   1.208	     NaN	   0.955	   0.920	   0.850	   0.877	   0.953	   0.979	   0.777	   0.951	   0.809	   0.922	   0.896	   0.919	   0.768	   1.027	   0.989	   0.987	   0.887
 2009	   1.104	   1.040	     NaN	     NaN	   0.772	   0.888	   0.858	     NaN	     NaN	   1.025	   1.029	     NaN	     NaN	     NaN	     NaN	     NaN	   0.915	     NaN	   0.996	     NaN	   0.971	   1.051	   0.772	   0.909	   0.865	   1.031	   0.893	   0.939	   0.733	   0.918	   0.886	   0.988	   0.920	   0.980	   0.988	   1.005	   0.952
 2010	   1.405	   1.355	     NaN	     NaN	   0.990	   0.910	   0.869	     NaN	     NaN	   0.879	   1.000	     NaN	     NaN	     NaN	     NaN	     NaN	   1.036	     NaN	   1.142	     NaN	   0.976	   1.334	   0.976	   0.890	   0.856	   1.005	   1.034	   1.453	   0.959	   0.941	   0.947	   0.980	   1.027	   1.202	   0.937	   1.008	   0.986
 2011	     NaN	   1.417	     NaN	     NaN	   1.170	   1.046	   0.934	     NaN	     NaN	   1.055	   1.171	     NaN	     NaN	     NaN	     NaN	     NaN	   1.166	     NaN	     NaN	     NaN	   1.015	   1.452	   1.175	   1.047	   0.967	   1.190	   1.192	   1.368	   1.141	   1.058	   1.053	   1.070	   1.033	   1.136	   0.918	   1.086	   0.938
 2012	     NaN	   0.892	     NaN	     NaN	   1.044	   1.140	   1.347	     NaN	     NaN	   1.087	   0.997	     NaN	     NaN	     NaN	     NaN	     NaN	   1.057	     NaN	     NaN	     NaN	     NaN	   0.918	   1.042	   1.142	   1.382	   0.987	   1.065	   0.863	   1.080	   1.032	   1.119	   1.102	   1.059	   0.921	   1.098	   0.977	   1.109
 2013	     NaN	   0.859	     NaN	     NaN	   0.964	   0.976	   0.996	     NaN	     NaN	   0.923	   0.995	     NaN	     NaN	     NaN	     NaN	     NaN	   0.817	     NaN	     NaN	     NaN	     NaN	   0.856	   0.994	   0.965	   0.994	   0.992	   0.818	   0.911	   0.858	   0.920	   1.043	   1.060	   0.842	   1.002	   1.028	   1.030	   0.992
 2014	     NaN	   0.799	     NaN	     NaN	   0.748	   0.962	   0.862	     NaN	     NaN	   1.162	   1.079	     NaN	     NaN	     NaN	     NaN	     NaN	   1.070	     NaN	     NaN	     NaN	     NaN	   0.780	   0.759	   0.976	   0.817	   1.107	   1.082	   0.884	   0.759	   0.959	   0.921	   0.982	   0.960	   0.920	   0.918	   0.981	   1.005
 2015	     NaN	   1.489	     NaN	     NaN	   1.148	   1.086	   1.104	     NaN	     NaN	     NaN	   1.369	     NaN	     NaN	     NaN	     NaN	     NaN	   1.140	     NaN	     NaN	     NaN	     NaN	   1.462	   1.168	   1.089	     NaN	   1.404	   1.143	   1.572	   0.976	   0.992	     NaN	   1.269	   1.122	   1.126	   1.074	   1.104	   1.125
 2016	     NaN	   0.819	     NaN	     NaN	   1.068	     NaN	     NaN	     NaN	     NaN	     NaN	   0.808	     NaN	     NaN	     NaN	     NaN	     NaN	   0.962	     NaN	     NaN	     NaN	     NaN	   0.818	   1.041	     NaN	     NaN	   0.815	   0.953	   0.848	   1.157	     NaN	     NaN	   0.847	   1.003	   1.012	   1.051	   0.910	   0.997
 2017	     NaN	   0.790	     NaN	     NaN	   1.177	     NaN	     NaN	     NaN	     NaN	     NaN	   0.820	     NaN	     NaN	     NaN	     NaN	     NaN	   1.013	     NaN	     NaN	     NaN	     NaN	   0.765	   1.177	     NaN	     NaN	   0.818	   1.018	   0.848	   1.250	     NaN	     NaN	   0.845	   0.965	   0.931	   0.949	   0.910	   0.930
 2018	     NaN	   1.255	     NaN	     NaN	   1.036	     NaN	     NaN	     NaN	     NaN	     NaN	   1.293	     NaN	     NaN	     NaN	     NaN	     NaN	   1.226	     NaN	     NaN	     NaN	     NaN	   1.293	   1.064	     NaN	     NaN	   1.309	   1.227	   1.104	   1.117	     NaN	     NaN	   0.983	   1.220	   1.041	   1.058	   1.030	   1.064
 2019	     NaN	   0.866	     NaN	     NaN	   1.087	     NaN	     NaN	     NaN	     NaN	     NaN	   0.949	     NaN	     NaN	     NaN	     NaN	     NaN	   0.996	     NaN	     NaN	     NaN	     NaN	   0.854	   1.095	     NaN	     NaN	   0.918	   1.032	   0.976	   1.041	     NaN	     NaN	   1.107	   0.961	   0.945	   0.814	   0.965	   0.912
 2020	     NaN	   0.866	     NaN	     NaN	   0.937	     NaN	     NaN	     NaN	     NaN	     NaN	   0.971	     NaN	     NaN	     NaN	     NaN	     NaN	   0.983	     NaN	     NaN	     NaN	     NaN	   0.905	   0.893	     NaN	     NaN	   0.952	   1.008	   0.816	   1.088	     NaN	     NaN	   1.090	   1.028	   0.848	   0.929	     NaN	   0.568
